%实验2.2：遗传算法在每次迭代的OPEX
%topo：newyork
%x轴为迭代次数

A = [
1	110.20357143878937;
2	108.225;
3	108.225;
4	108.225;
5	108.225;
6	99.21964285373687;
7	98.20892856121063;
8	98.20892856121063;
9	98.20892856121063;
10	87.225;
11	86.21428570747375;
12	84.21964285373687;
13	84.21964285373687;
14	84.21964285373687;
15	74.24107143878936;
16	74.24107143878936;
17	73.2375;
18	73.2375;
19	73.2375;
20	64.24642856121064;
21	64.24642856121064;
22	64.24642856121064;
23	64.24642856121064;
24	64.24642856121064;
25	64.24642856121064;
26	64.24642856121064;
27	64.24642856121064;
28	64.24107143878936;
28	53.25;
29	53.25;
30	53.25;
31	53.25;
32	53.25;
33	53.25;
34	53.25;
35	53.25;
36	53.25;
37	53.25;
38	53.25;
39	53.25;
40	53.25;
41	53.25;
42	53.25;
43	53.25;
44	53.25;
45	53.25;
46	53.25;
47	53.25;
48	53.25;
49	53.25;
50	53.25;
51	53.25;
52	53.25;
53	53.25;
54	53.25;
55	53.25;
56	53.25;
57	53.25;
58	53.25;
59	53.25;
60	53.25;
61	53.25;
62	53.25;
63	53.25;
64	53.25;
65	53.25;
66	53.25;
67	53.25;
68	53.25;
69	53.25;
70	53.25;
71	53.25;
72	53.25;
73	53.25;
74	53.25;
75	53.25;
76	53.25;
77	53.25;
78	53.25;
79	53.25;
80	53.25;
81	53.25;
82	53.25;
83	53.25;
84	53.25;
85	53.25;
86	53.25;
87	53.25;
88	53.25;
89	53.25;
90	53.25;
91	53.25;
92	53.25;
93	53.25;
94	53.25;
95	53.25;
96	53.25;
97	53.25;
98	53.25;
99	53.25;
100	53.25;
]

D = [
1	143.2321428537369;
2	140.24285714626313;
3	132.29285714626312;
4	132.29285714626312;
5	132.29285714626312;
6	130.29107143878937;
7	130.29107143878937;
8	130.29107143878937;
9	130.29107143878937;
10	130.29107143878937;
11	130.29107143878937;
12	130.29107143878937;
13	130.29107143878937;
14	130.29107143878937;
15	130.29107143878937;
16	130.29107143878937;
17	130.29107143878937;
18	130.29107143878937;
19	130.29107143878937;
20	130.29107143878937;
21	130.29107143878937;
22	130.29107143878937;
23	130.29107143878937;
24	130.29107143878937;
25	130.29107143878937;
26	130.29107143878937;
27	130.29107143878937;
28	130.29107143878937;
29	130.29107143878937;
30	130.29107143878937;
31	130.29107143878937;
32	130.29107143878937;
33	130.29107143878937;
34	130.29107143878937;
35	130.29107143878937;
36	129.25178570747374;
37	129.25178570747374;
38	129.25178570747374;
39	128.25535714626312;
40	128.25535714626312;
41	128.25535714626312;
42	128.25535714626312;
43	128.25535714626312;
44	128.25535714626312;
45	128.25535714626312;
46	128.25535714626312;
47	128.25535714626312;
48	128.25535714626312;
49	128.25535714626312;
50	128.25535714626312;
51	128.25535714626312;
52	128.25535714626312;
53	128.25535714626312;
54	128.25535714626312;
55	128.25535714626312;
56	128.25535714626312;
57	128.25535714626312;
58	128.25535714626312;
59	128.25535714626312;
60	128.25535714626312;
61	128.25535714626312;
62	128.25535714626312;
63	128.25535714626312;
64	128.25535714626312;
65	128.25535714626312;
66	128.25535714626312;
67	128.25535714626312;
68	128.25535714626312;
69	128.25535714626312;
70	128.25535714626312;
71	128.25535714626312;
72	128.25535714626312;
73	128.25535714626312;
74	128.25535714626312;
75	128.25535714626312;
76	128.25535714626312;
77	128.25535714626312;
78	128.25535714626312;
79	128.25535714626312;
80	128.25535714626312;
81	128.25535714626312;
82	128.25535714626312;
83	128.25535714626312;
84	128.25535714626312;
85	128.25535714626312;
86	128.25535714626312;
87	128.25535714626312;
88	128.25535714626312;
89	128.25535714626312;
90	128.25535714626312;
91	128.25535714626312;
92	128.25535714626312;
93	128.25535714626312;
94	128.25535714626312;
95	128.25535714626312;
96	128.25535714626312;
97	128.25535714626312;
98	128.25535714626312;
99	128.25535714626312;
100	128.25535714626312;    
]

B = [
1	112.21071429252625;
2	112.21071429252625;
3	109.22142856121063;
4	107.22857143878937;
5	107.22857143878937;
6	97.23035714626312;
7	96.22857143878937;
8	96.22857143878937;
9	84.225;
10	84.22321429252625;
11	84.22321429252625;
12	76.27678570747375;
13	76.27678570747375;
14	76.27678570747375;
15	76.27678570747375;
16	76.26964285373688;
17	76.26964285373688;
18	76.26964285373688;
19	76.26964285373688;
20	76.26964285373688;
21	76.26964285373688;
22	76.26964285373688;
23	76.26964285373688;
24	76.26964285373688;
25	76.26964285373688;
26	76.26964285373688;
27	76.26964285373688;
28	76.26964285373688;
29	76.26964285373688;
30	76.26964285373688;
31	76.26964285373688;
32	76.25;
33	76.25;
34	76.24642856121064;
35	76.24642856121064;
36	76.24642856121064;
37	64.28392856121063;
38	64.28392856121063;
39	64.28392856121063;
40	64.28392856121063;
41	64.28392856121063;
42	64.28392856121063;
43	64.28392856121063;
44	64.28392856121063;
45	64.28392856121063;
46	64.28392856121063;
47	64.28392856121063;
48	64.28392856121063;
49	64.28392856121063;
50	64.28392856121063;
51	64.28392856121063;
52	64.28392856121063;
53	64.28392856121063;
54	64.28392856121063;
55	64.28392856121063;
56	64.28392856121063;
57	64.28392856121063;
58	64.28392856121063;
59	64.28392856121063;
60	64.28392856121063;
61	64.28392856121063;
62	64.28392856121063;
63	64.28392856121063;
64	64.28392856121063;
65	64.28392856121063;
66	64.28392856121063;
67	64.28392856121063;
68	64.28392856121063;
69	64.28392856121063;
70	64.28392856121063;
71	64.28392856121063;
72	64.28392856121063;
73	64.28392856121063;
74	64.28392856121063;
75	64.28392856121063;
76	64.28392856121063;
77	64.28392856121063;
78	64.28392856121063;
79	64.28392856121063;
80	64.28392856121063;
81	64.28392856121063;
82	64.28392856121063;
83	64.28392856121063;
84	64.28392856121063;
85	64.28392856121063;
86	64.28392856121063;
87	64.28392856121063;
88	64.28392856121063;
89	64.28392856121063;
90	64.28392856121063;
91	64.28392856121063;
92	64.28392856121063;
93	64.28392856121063;
94	64.28392856121063;
95	64.28392856121063;
96	64.28392856121063;
97	64.28392856121063;
98	64.28392856121063;
99	64.28392856121063;
100	64.28392856121063;    
]

C = [
1	120.19821428060531;
2	120.19821428060531;
3	107.21964285373687;
4	98.25178570747376;
5	98.25178570747376;
6	88.23928570747375;
7	88.23928570747375;
8	88.23928570747375;
9	88.23928570747375;
10	87.23214285373687;
11	87.23214285373687;
12	87.23214285373687;
13	87.23214285373687;
14	87.23214285373687;
15	87.23214285373687;
16	87.23214285373687;
17	87.23214285373687;
18	87.23214285373687;
19	87.23214285373687;
20	87.23214285373687;
21	87.23214285373687;
22	87.23214285373687;
23	87.23214285373687;
24	87.23214285373687;
25	87.23214285373687;
26	87.23214285373687;
27	87.23214285373687;
28	87.23214285373687;
29	87.23214285373687;
30	87.23214285373687;
31	87.23214285373687;
32	85.23035714626312;
33	85.23035714626312;
34	85.23035714626312;
35	85.23035714626312;
36	85.23035714626312;
37	85.23035714626312;
38	85.23035714626312;
39	85.23035714626312;
40	85.23035714626312;
41	85.23035714626312;
42	85.23035714626312;
43	85.23035714626312;
44	85.23035714626312;
45	85.23035714626312;
46	85.23035714626312;
47	85.23035714626312;
48	85.23035714626312;
49	85.23035714626312;
50	85.23035714626312;
51	85.23035714626312;
52	85.23035714626312;
53	85.23035714626312;
54	85.23035714626312;
55	85.23035714626312;
56	85.23035714626312;
57	85.23035714626312;
58	85.23035714626312;
59	85.23035714626312;
60	85.23035714626312;
61	85.23035714626312;
62	85.23035714626312;
63	85.23035714626312;
64	85.23035714626312;
65	85.23035714626312;
66	85.23035714626312;
67	85.23035714626312;
68	85.23035714626312;
69	85.23035714626312;
70	85.23035714626312;
71	85.23035714626312;
72	85.23035714626312;
73	85.23035714626312;
74	85.23035714626312;
75	85.23035714626312;
76	85.23035714626312;
77	85.23035714626312;
78	85.23035714626312;
79	85.23035714626312;
80	85.23035714626312;
81	85.23035714626312;
82	85.23035714626312;
83	85.23035714626312;
84	85.23035714626312;
85	85.23035714626312;
86	85.23035714626312;
87	85.23035714626312;
88	85.23035714626312;
89	85.23035714626312;
90	85.23035714626312;
91	85.23035714626312;
92	85.23035714626312;
93	85.23035714626312;
94	85.23035714626312;
95	85.23035714626312;
96	85.23035714626312;
97	85.23035714626312;
98	85.23035714626312;
99	85.23035714626312;
100	85.23035714626312;    
]

